807 807 807 807 807 807 807 807 807 807 807 807 807 807 807 807 807 807 807 807 807 807 807 807 807 807 807 807 807 807 807 807 807 807 807 807 807 807 807 807 807 807 807 807 807 807 807 807 807 807 807 807 807 807 807 807 807 807 807 807 807 807 807 807 807 807 807 807 807 807 807 807 807 807 807 807 807 807 807 807 807 807 807 807 807 807 807 807 807 807 807 807 807 807 807 807 807 807 807 807 807 807 807 807 807 807 2684354813 2684354765 807 807 807 807 807 807 807 807 807 807 807 807 807 807 807 807 807 807 807 807 807 807 807 807 807 807 807 807 807 807 807 807 807 807 807 807 807 807 807 807 807 807 
855 855 855 855 855 855 855 855 855 855 855 855 855 855 855 855 855 855 855 855 855 855 855 855 855 855 855 855 855 855 855 855 855 855 855 855 855 855 855 855 855 855 855 855 855 855 855 855 855 855 855 855 855 855 855 855 855 855 855 855 855 855 855 855 855 855 855 855 855 855 855 855 855 855 855 855 855 855 855 855 855 855 855 855 855 855 855 855 855 855 855 855 855 855 855 855 855 855 855 855 855 855 855 855 855 855 2684354814 2684354766 855 855 855 855 855 855 855 855 855 855 855 855 855 855 855 855 855 855 855 855 855 855 855 855 855 855 855 855 855 855 855 855 855 855 855 855 855 855 855 855 855 855 
611 612 0 0 0 0 0 0 0 0 0 0 0 0 0 685 686 0 0 0 0 0 0 0 0 0 0 0 0 0 0 0 0 0 0 0 0 0 0 0 0 0 0 0 0 0 0 0 0 0 0 0 0 0 0 0 0 0 0 0 0 0 0 0 0 0 0 0 0 0 0 0 0 0 0 0 0 0 0 0 0 0 0 0 0 0 0 0 0 0 0 0 0 0 0 0 0 0 0 0 0 0 0 0 0 0 349 350 0 0 0 0 0 0 0 0 0 0 0 0 0 0 0 0 0 0 0 0 0 0 0 0 0 0 0 0 0 0 0 637 638 0 0 0 0 0 0 0 611 612 
611 612 0 0 0 0 0 0 0 0 0 0 0 0 0 685 686 0 0 0 0 0 0 0 0 0 0 0 0 0 0 0 0 0 0 0 0 0 0 0 0 0 0 0 0 0 0 0 0 0 0 0 0 0 0 0 0 0 0 0 0 0 0 0 0 0 0 0 0 0 0 0 0 0 0 0 0 0 0 0 0 0 0 0 0 0 0 0 0 0 0 0 0 0 0 0 0 0 0 0 0 0 0 0 0 0 349 350 0 0 0 0 0 0 0 0 0 0 0 0 0 0 0 0 0 0 0 0 0 0 0 0 0 0 0 0 0 0 0 637 638 0 0 0 0 0 0 0 611 612 
611 612 0 0 0 0 0 0 0 0 0 0 0 0 0 685 686 0 0 0 0 0 0 0 0 0 0 0 0 0 0 0 0 0 0 0 0 0 0 0 0 0 0 0 0 0 0 0 0 0 0 0 0 0 0 0 0 0 0 0 0 0 0 0 0 0 0 0 0 0 0 0 0 0 0 0 0 0 0 0 0 0 0 0 0 0 0 0 0 0 0 0 0 0 0 0 0 0 0 0 0 0 0 0 0 0 349 350 0 0 0 0 0 0 0 0 0 0 0 0 0 0 0 0 0 0 0 0 0 0 0 0 0 0 0 0 0 0 0 637 638 0 0 0 0 0 0 0 611 612 
611 612 0 0 0 0 0 0 0 0 0 0 0 0 0 685 686 0 0 0 0 0 0 0 0 0 0 0 0 0 0 0 0 0 0 0 0 0 0 0 0 0 0 0 0 0 0 0 0 0 0 0 0 0 0 0 0 0 0 0 0 0 0 0 0 0 0 0 0 0 0 0 0 0 0 0 0 0 0 0 0 0 0 0 0 0 0 0 0 0 0 0 0 0 0 0 0 0 0 0 0 0 0 0 0 0 349 350 0 0 0 0 0 0 0 0 0 0 0 0 0 0 0 0 0 0 0 0 0 0 0 0 0 0 0 0 0 0 0 637 638 0 0 0 0 0 0 0 611 612 
611 612 0 0 0 0 0 0 0 0 0 0 0 0 0 685 686 0 0 0 0 0 0 0 0 0 0 0 0 0 0 0 0 0 0 0 0 0 0 0 0 0 0 0 0 0 0 0 0 0 0 0 0 0 0 0 0 0 0 0 0 0 0 0 0 0 0 0 0 0 0 0 0 0 0 0 0 0 0 0 0 0 0 0 0 0 0 0 0 0 0 0 0 0 0 0 0 0 0 0 0 0 0 0 0 0 349 350 0 0 0 0 0 0 0 0 0 0 0 0 0 0 0 0 0 0 0 0 0 0 0 0 0 0 0 0 0 0 0 637 638 0 0 0 0 0 0 0 611 612 
611 612 0 0 0 0 0 0 0 0 0 0 0 0 0 685 686 0 0 0 0 0 0 0 0 0 0 0 0 0 0 0 0 0 0 0 0 0 0 0 0 0 0 0 0 0 0 0 0 0 0 0 0 0 0 0 0 0 0 0 0 0 0 0 0 0 0 0 0 0 0 0 0 0 0 0 0 0 0 0 0 0 0 0 0 0 0 0 0 0 0 0 0 0 0 0 0 0 0 0 0 0 0 0 0 0 349 350 0 0 0 0 0 0 0 0 0 0 0 0 0 0 0 0 0 0 0 0 0 0 0 0 0 0 0 0 0 0 0 637 638 0 0 0 0 0 0 0 611 612 
611 612 0 0 0 0 0 0 0 0 0 0 0 0 0 685 686 0 0 0 0 0 0 0 0 0 0 0 0 0 0 0 0 0 0 0 0 0 0 0 0 0 0 0 0 0 0 0 0 0 0 0 0 0 0 0 0 0 0 0 0 0 0 0 0 0 0 0 0 0 0 0 0 0 0 0 0 0 0 0 0 0 0 0 0 0 0 0 0 0 0 0 0 0 0 0 0 0 0 0 0 0 0 0 0 0 349 350 0 0 0 0 0 0 0 0 0 0 0 0 0 0 0 0 0 0 0 0 0 0 0 0 0 0 0 0 0 0 0 637 638 0 0 0 0 0 0 0 611 612 
611 612 0 0 0 0 0 0 0 0 0 0 0 0 0 1063 1064 787 787 787 787 787 787 787 787 787 787 787 787 787 1085 1086 787 787 787 787 787 787 787 787 787 787 787 787 787 787 787 787 787 787 787 787 2684354813 2684354765 773 787 787 787 787 787 787 787 787 787 787 787 2684355671 2684355623 0 0 0 0 0 0 0 0 0 0 0 0 0 0 0 0 0 0 0 0 0 0 0 0 0 0 0 0 0 0 0 0 0 0 0 0 0 0 349 350 0 0 0 0 0 0 0 0 0 0 0 0 0 0 0 0 0 0 0 0 0 0 0 0 0 0 0 0 0 0 0 637 638 0 0 0 0 0 0 0 611 612 
611 612 0 0 0 0 0 0 0 0 0 0 0 0 0 1111 1112 835 835 835 835 835 835 835 835 835 835 835 835 835 1133 1134 835 835 835 835 835 835 835 835 835 835 835 835 835 835 835 835 835 835 835 835 2684354814 2684354766 821 835 835 835 835 835 835 835 835 835 835 835 2684355672 2684355624 0 0 0 0 0 0 0 0 0 0 0 0 0 0 0 0 0 0 0 0 0 0 0 0 0 0 0 0 0 0 0 0 0 0 0 0 0 0 349 350 0 0 0 0 0 0 0 0 0 0 0 0 0 0 0 0 0 0 0 0 0 0 2684354813 2684354765 208 208 208 208 208 208 208 637 638 0 0 0 0 0 0 0 611 612 
611 612 0 0 0 0 0 0 0 0 0 0 0 0 0 1277 1278 0 0 0 0 0 0 0 0 0 0 0 0 0 1277 1278 0 0 0 0 0 0 0 0 0 0 0 0 0 0 0 0 0 0 0 0 589 590 0 0 0 0 0 0 0 0 0 0 0 0 371 372 0 0 0 0 0 0 0 0 0 0 0 0 0 0 0 0 0 0 0 0 0 0 0 0 0 0 0 0 0 0 0 0 0 0 0 0 0 0 349 350 0 0 0 0 0 0 0 0 0 0 0 0 0 0 0 0 637 638 0 0 0 0 2684354814 2684354766 256 256 256 256 256 256 256 637 638 0 0 0 0 0 0 0 611 612 
611 612 0 0 0 0 0 0 0 0 0 0 0 0 0 1277 1278 0 0 0 0 0 0 0 0 0 0 0 0 0 1277 1278 0 0 0 0 0 0 0 0 0 0 0 0 0 0 0 0 0 0 0 0 589 590 0 0 0 0 0 0 0 0 0 0 0 0 371 372 0 0 0 0 0 0 0 0 0 0 0 0 0 0 0 0 0 0 0 0 0 0 0 0 0 0 0 0 0 0 0 0 0 0 0 0 0 0 349 350 0 0 0 0 0 0 0 0 0 0 0 0 0 0 0 0 637 638 0 0 0 0 637 638 0 0 0 0 0 0 0 637 638 0 0 0 0 0 0 0 611 612 
611 612 0 0 0 0 0 0 0 0 0 0 0 0 0 1277 1278 0 0 0 0 0 0 0 0 0 0 0 0 0 1277 1278 0 0 0 0 0 0 0 0 0 0 0 0 0 0 0 0 0 0 0 0 589 590 0 0 0 0 0 0 0 0 0 0 0 0 371 372 0 0 0 0 0 0 0 0 0 0 0 0 0 0 0 0 0 0 0 0 0 0 0 0 0 0 0 0 0 0 0 0 0 0 0 0 0 0 349 350 0 0 0 0 0 0 0 0 0 0 0 0 0 0 0 0 637 638 0 0 0 0 637 638 0 0 0 0 0 0 0 637 638 0 0 0 0 0 0 0 611 612 
611 612 0 0 0 0 0 0 0 0 0 0 0 0 0 1277 1278 0 0 0 0 0 0 0 0 0 0 0 0 0 1277 1278 0 0 0 0 0 0 0 0 0 0 0 0 0 0 0 0 0 0 0 0 589 590 0 0 0 0 0 0 0 0 0 0 0 0 371 372 0 0 0 0 0 0 0 0 0 0 0 0 0 0 0 0 0 0 0 0 0 0 0 0 0 0 0 0 0 0 0 0 0 0 0 0 0 0 349 350 0 0 0 0 0 0 0 0 0 0 0 0 0 0 0 0 637 638 0 0 0 0 637 638 0 0 0 0 0 0 0 637 638 0 0 0 0 0 0 0 611 612 
611 612 0 0 0 0 0 0 0 0 0 0 0 0 0 1277 1278 0 0 0 0 0 0 0 0 0 0 0 0 0 1277 1278 0 0 0 0 0 0 0 0 0 0 0 0 0 0 0 0 0 0 0 0 589 590 0 0 0 0 0 0 0 0 0 0 0 0 371 372 0 0 0 0 0 0 0 0 0 0 0 0 0 0 0 0 0 0 0 0 0 0 0 0 0 0 0 0 0 0 0 0 0 0 0 0 0 0 349 350 0 0 0 0 0 0 0 0 0 0 0 0 0 0 0 0 637 638 0 0 0 0 637 638 0 0 0 0 0 0 0 637 638 0 0 0 0 0 0 0 611 612 
611 612 0 0 0 0 0 0 0 0 0 0 0 0 0 1277 1278 0 0 0 0 0 0 0 0 0 0 0 0 0 1277 1278 0 0 0 0 0 0 0 0 0 0 0 0 0 0 0 0 0 0 0 0 589 590 0 0 0 0 0 0 0 0 0 0 0 0 371 372 0 0 0 0 0 0 0 0 0 0 0 0 0 0 0 0 0 0 0 0 0 0 0 0 0 0 0 0 0 0 0 0 0 0 0 0 0 0 349 350 0 0 0 0 0 0 0 0 0 0 0 0 0 0 0 0 637 638 0 0 0 0 637 638 0 0 0 0 0 0 0 637 638 0 0 0 0 0 0 0 611 612 
611 612 0 0 0 0 0 0 0 0 0 0 0 0 0 1277 1278 0 0 0 0 0 0 0 0 0 0 0 0 0 1277 1278 0 0 0 0 0 0 0 0 0 0 0 0 0 0 0 0 0 0 0 0 589 590 0 0 0 0 0 0 0 0 0 0 0 0 371 372 0 0 0 0 0 0 0 0 0 0 0 0 0 0 0 0 0 0 0 0 0 0 0 0 0 0 0 0 0 0 0 0 0 0 0 0 0 0 349 350 0 0 0 0 0 0 0 0 0 0 0 0 0 0 0 0 637 638 0 0 0 0 637 638 0 0 0 0 0 0 0 637 638 0 0 0 0 0 0 0 611 612 
611 612 0 0 0 0 0 0 0 0 0 0 0 0 0 1277 1278 0 0 0 0 0 0 0 0 0 0 0 0 0 1277 1278 0 0 0 0 0 0 0 0 0 0 0 0 0 0 0 0 0 0 0 0 589 590 0 0 0 0 0 0 0 0 0 0 0 0 371 372 0 0 0 0 0 0 0 0 0 0 0 0 0 0 0 0 0 0 0 0 0 0 0 0 0 0 0 0 0 0 0 0 0 0 0 0 0 0 349 350 0 0 0 0 0 0 0 0 0 0 0 0 0 0 0 0 637 638 0 0 0 0 637 638 0 0 0 0 0 0 0 637 638 0 0 0 0 0 0 0 611 612 
611 612 0 0 0 0 0 0 0 0 0 0 0 0 0 1277 1278 0 0 0 0 0 0 0 0 0 0 0 0 0 1277 1278 0 0 0 0 0 0 0 0 0 0 0 0 0 0 0 0 0 0 0 0 589 590 0 0 0 0 0 0 0 0 0 0 0 0 371 372 0 0 0 0 0 0 0 0 0 0 0 0 0 0 0 0 0 0 0 0 0 0 0 0 0 0 0 0 0 0 0 0 0 0 0 0 0 0 205 206 807 807 807 807 807 807 807 807 807 807 807 807 807 807 807 807 637 638 807 807 807 807 803 804 807 807 807 807 807 807 807 637 638 807 807 807 807 807 807 807 611 612 
611 612 0 0 0 0 0 0 0 0 0 0 0 0 0 1277 1278 0 0 0 0 0 0 0 0 0 0 0 0 0 1277 1278 0 0 0 0 0 0 0 0 0 0 0 0 0 0 0 0 0 0 0 0 589 590 0 0 0 0 0 0 0 0 0 0 0 0 0 0 0 0 0 0 0 0 0 0 0 0 0 0 0 0 0 0 0 0 0 0 0 0 0 0 0 0 0 0 0 0 0 0 0 0 0 0 0 0 253 254 855 855 855 855 855 855 855 855 855 855 855 855 855 855 855 855 637 638 855 855 855 855 851 852 855 855 855 855 855 855 855 637 638 855 855 855 855 855 855 855 611 612 
611 612 0 0 0 0 0 0 0 0 0 0 0 0 0 1277 1278 0 0 0 0 0 0 0 0 0 0 0 0 0 1277 1278 0 0 0 0 0 0 0 0 0 0 0 0 0 0 0 0 0 0 0 0 589 590 0 0 0 0 0 0 0 0 0 0 0 0 0 0 0 0 0 0 0 0 0 0 0 0 0 0 0 0 0 0 0 0 0 0 0 0 0 0 0 0 0 0 0 0 0 0 0 0 0 0 0 0 349 350 0 0 0 0 0 0 0 0 0 0 0 0 0 0 0 0 637 638 0 0 0 0 637 638 0 0 0 0 0 0 0 637 638 0 0 0 0 0 0 0 611 612 
611 612 0 0 0 0 0 0 0 0 0 0 0 0 0 1277 1278 0 0 0 0 0 0 0 0 0 0 0 0 0 1277 1278 0 0 0 0 0 0 0 0 0 0 0 0 0 0 0 0 0 0 0 0 589 590 0 0 0 0 0 0 0 0 0 0 0 0 0 0 0 0 0 0 0 0 0 0 0 0 0 0 0 0 0 0 0 0 0 0 0 0 0 0 0 0 0 0 0 0 0 0 0 0 0 0 0 0 349 350 0 0 0 0 0 0 0 0 0 0 0 0 0 0 0 0 637 638 0 0 0 0 637 638 0 0 0 0 0 0 0 637 638 0 0 0 0 0 0 0 611 612 
611 612 0 0 0 0 0 0 0 0 0 0 0 0 0 1277 1278 0 0 0 0 0 0 0 0 0 0 0 0 0 1277 1278 0 0 0 0 0 0 0 0 0 0 0 0 0 0 0 0 0 0 0 0 589 590 0 0 0 0 0 0 0 0 0 0 0 0 0 0 0 0 0 0 0 0 0 0 0 0 0 0 0 0 0 0 0 0 0 0 0 0 0 0 0 0 0 0 0 0 0 0 0 0 0 0 0 0 349 350 0 0 0 0 0 0 0 0 0 0 0 0 0 0 0 0 637 638 0 0 0 0 637 638 0 0 0 0 0 0 0 637 638 0 0 0 0 0 0 0 611 612 
611 612 0 0 0 0 0 0 0 0 0 0 0 0 0 1277 1278 0 0 0 0 0 0 0 0 0 0 0 0 0 1277 1278 0 0 0 0 0 0 0 0 0 0 0 0 0 0 0 0 0 0 0 0 589 590 0 0 0 0 0 0 0 0 0 0 0 0 0 0 0 0 0 0 0 0 0 0 0 0 0 0 0 0 0 0 0 0 0 0 0 0 0 0 0 0 0 0 0 0 0 0 0 0 0 0 0 0 349 350 0 0 0 0 0 0 0 0 0 0 0 0 0 0 0 0 637 638 0 0 0 0 637 638 0 0 0 0 0 0 0 637 638 0 0 0 0 0 0 0 611 612 
611 612 0 0 0 0 0 0 0 0 0 0 0 0 0 1277 1278 0 0 0 0 0 0 0 0 0 0 0 0 0 1277 1278 0 0 0 0 0 0 0 0 0 0 0 0 0 0 0 0 0 0 0 0 589 590 0 0 0 0 0 0 0 0 0 0 0 0 0 0 0 0 0 0 0 0 0 0 0 0 0 0 0 0 0 0 0 0 0 0 0 0 0 0 0 0 0 0 0 0 0 0 0 0 0 0 0 0 349 350 0 0 0 0 0 0 0 0 0 0 0 0 0 0 0 0 637 638 0 0 0 0 637 638 0 0 0 0 0 0 0 637 638 0 0 0 0 0 0 0 611 612 
611 612 0 0 0 0 0 0 0 0 0 0 0 0 0 1277 1278 0 0 0 0 0 0 0 0 0 0 0 0 0 1277 1278 0 0 0 0 0 0 0 0 0 0 0 0 0 0 0 0 0 0 0 0 589 590 0 0 0 0 0 0 0 0 0 0 0 0 0 0 0 0 0 0 0 0 0 0 0 0 0 0 0 0 0 0 0 0 0 0 0 0 0 0 0 0 0 0 0 0 0 0 0 0 0 0 0 0 349 350 0 0 0 0 0 0 0 0 0 0 0 0 0 0 0 0 637 638 0 0 0 0 637 638 0 0 0 0 0 0 0 637 638 0 0 0 0 0 0 0 611 612 
611 612 0 0 0 0 0 0 0 0 0 0 0 0 0 1277 1278 0 0 0 0 0 0 0 0 0 0 0 0 0 1277 1278 0 0 0 0 0 0 0 0 0 0 0 0 0 0 0 0 0 0 0 0 589 590 0 0 0 0 0 0 0 0 0 0 0 0 0 0 0 0 0 0 0 0 0 0 0 0 0 0 0 0 0 0 0 0 0 0 0 0 0 0 0 0 0 0 0 0 0 0 0 0 0 0 0 0 349 350 0 0 0 0 0 0 0 0 0 0 0 0 0 0 0 0 637 638 0 0 0 0 637 638 0 0 0 0 0 0 0 637 638 0 0 0 0 0 0 0 611 612 
611 612 0 0 0 0 0 0 0 0 0 0 0 0 0 1277 1278 0 0 0 0 0 0 0 0 0 0 0 0 0 1277 1278 0 0 0 0 0 0 0 0 0 0 0 0 0 0 0 0 0 0 0 0 589 590 0 0 0 0 0 0 0 0 0 0 0 0 0 0 0 0 0 0 0 0 0 0 0 0 0 0 0 0 0 0 0 0 0 0 0 0 0 0 0 0 0 0 0 0 0 0 0 0 0 0 0 0 349 350 0 0 0 0 0 0 0 0 0 0 0 0 0 0 0 0 637 638 0 0 0 0 637 638 0 0 0 0 0 0 0 637 638 0 0 0 0 0 0 0 611 612 
611 612 0 0 0 0 0 0 0 0 0 0 0 0 0 1277 1278 0 0 0 0 0 0 0 0 0 0 0 0 0 1277 1278 0 0 0 0 0 0 0 0 0 0 0 0 0 0 0 0 0 0 0 0 589 590 0 0 0 0 0 0 0 0 0 0 0 0 0 0 0 0 0 0 0 0 0 0 0 0 0 0 0 0 0 0 0 0 0 0 0 0 0 0 0 0 0 0 0 0 0 0 0 0 0 0 0 0 349 350 0 0 0 0 0 0 0 0 0 0 0 0 0 0 0 0 637 638 0 0 0 0 637 638 0 0 0 0 0 0 0 637 638 0 0 0 0 0 0 0 611 612 
611 612 0 0 0 0 0 0 0 0 0 0 0 0 0 205 206 787 787 787 787 787 787 787 787 787 787 787 787 787 803 804 787 787 787 787 787 787 787 787 787 787 787 787 787 787 787 787 787 787 787 807 803 804 807 807 807 807 807 807 807 807 807 807 807 807 807 807 807 807 807 807 807 807 807 807 807 807 807 807 807 807 807 807 807 807 807 807 807 807 799 799 799 799 799 799 799 799 799 799 799 799 799 799 799 799 1159 1160 0 0 0 0 0 0 0 0 0 0 0 0 0 0 0 0 637 638 0 0 0 0 637 638 0 0 0 0 0 0 0 637 638 0 0 0 0 0 0 0 611 612 
611 612 0 0 0 0 0 0 0 0 0 0 0 0 0 253 254 835 835 835 835 835 835 835 835 835 835 835 835 835 851 852 835 835 835 835 835 835 835 835 835 835 835 835 835 835 835 835 835 835 835 855 851 852 855 855 855 855 855 855 855 855 855 855 855 855 855 855 855 855 855 855 855 855 855 855 855 855 855 855 855 855 855 855 855 855 855 855 855 855 847 847 847 847 847 847 847 847 847 847 847 847 847 847 847 847 1207 1208 0 0 0 0 0 0 0 0 0 0 0 0 0 0 0 0 205 206 787 787 787 787 787 787 787 787 787 787 787 787 787 3221225726 3221225725 0 0 0 0 0 0 0 611 612 
611 612 0 0 0 0 0 0 0 0 0 0 0 0 0 1277 1278 0 0 0 0 0 0 0 0 0 0 0 0 0 1277 1278 0 0 0 0 0 0 0 0 0 0 0 0 0 0 0 0 0 0 0 0 589 590 0 0 0 0 0 0 0 0 0 0 0 0 0 0 0 0 0 0 0 0 0 0 0 0 0 0 0 0 0 0 0 0 0 0 0 0 0 0 0 0 0 0 0 0 0 0 0 0 0 0 0 0 0 0 0 0 0 0 0 0 0 0 0 0 0 0 0 0 0 0 253 254 835 835 835 835 835 835 835 835 835 835 835 835 835 3221225678 3221225677 0 0 0 0 0 0 0 611 612 
611 612 0 0 0 0 0 0 0 0 0 0 0 0 0 1277 1278 0 0 0 0 0 0 0 0 0 0 0 0 0 1277 1278 0 0 0 0 0 0 0 0 0 0 0 0 0 0 0 0 0 0 0 0 589 590 0 0 0 0 0 0 0 0 0 0 0 0 0 0 0 0 0 0 0 0 0 0 0 0 0 0 0 0 0 0 0 0 0 0 0 0 0 0 0 0 0 0 0 0 0 0 0 0 0 0 0 0 0 0 0 0 0 0 0 0 0 0 0 0 0 0 0 0 0 0 589 590 0 0 0 0 0 0 0 0 0 0 0 0 0 637 638 0 0 0 0 0 0 0 611 612 
611 612 0 0 0 0 0 0 0 0 0 0 0 0 0 1277 1278 0 0 0 0 0 0 0 0 0 0 0 0 0 1277 1278 0 0 0 0 0 0 0 0 0 0 0 0 0 0 0 0 0 0 0 0 589 590 0 0 0 0 0 0 0 0 0 0 0 0 0 0 0 0 0 0 0 0 0 0 0 0 0 0 0 0 0 0 0 0 0 0 0 0 0 0 0 0 0 0 0 0 0 0 0 0 0 0 0 0 0 0 0 0 0 0 0 0 0 0 0 0 0 0 0 0 0 0 589 590 0 0 0 0 0 0 0 0 0 0 0 0 0 637 638 0 0 0 0 0 0 0 611 612 
611 612 0 0 0 0 0 0 0 0 0 0 0 0 0 1277 1278 0 0 0 0 0 0 0 0 0 0 0 0 0 1277 1278 0 0 0 0 0 0 0 0 0 0 0 0 0 0 0 0 0 0 0 0 589 590 0 0 0 0 0 0 0 0 0 0 0 0 0 0 0 0 0 0 0 0 0 0 0 0 0 0 0 0 0 0 0 0 0 0 0 0 0 0 0 0 0 0 0 0 0 0 0 0 0 0 0 0 0 0 0 0 0 0 0 0 0 0 0 0 0 0 0 0 0 0 589 590 0 0 0 0 0 0 0 0 0 0 0 0 0 637 638 0 0 0 0 0 0 0 611 612 
611 612 0 0 0 0 0 0 0 0 0 0 0 0 0 1277 1278 0 0 0 0 0 0 0 0 0 0 0 0 0 1277 1278 0 0 0 0 0 0 0 0 0 0 0 0 0 0 0 0 0 0 0 0 589 590 0 0 0 0 0 0 0 0 0 0 0 0 0 0 0 0 0 0 0 0 0 0 0 0 0 0 0 0 0 0 0 0 0 0 0 0 0 0 0 0 0 0 0 0 0 0 0 0 0 0 0 0 0 0 0 0 0 0 0 0 0 0 0 0 0 0 0 0 0 0 589 590 0 0 0 0 0 0 0 0 0 0 0 0 0 637 638 0 0 0 0 0 0 0 611 612 
611 612 0 0 0 0 0 0 0 0 0 0 0 0 0 1277 1278 0 0 0 0 0 0 0 0 0 0 0 0 0 1277 1278 0 0 0 0 0 0 0 0 0 0 0 0 0 0 0 0 0 0 0 0 589 590 0 0 0 0 0 0 0 0 0 0 0 0 0 0 0 0 0 0 0 0 0 0 0 0 0 0 0 0 0 0 0 0 0 0 0 0 0 0 0 0 0 0 0 0 0 0 0 0 0 0 0 0 0 0 0 0 0 0 0 0 0 0 0 0 0 0 0 0 0 0 589 590 0 0 0 0 0 0 0 0 0 0 0 0 0 637 638 0 0 0 0 0 0 0 611 612 
611 612 0 0 0 0 0 0 0 0 0 0 0 0 0 1277 1278 0 0 0 0 0 0 0 0 0 0 0 0 0 1277 1278 0 0 0 0 0 0 0 0 0 0 0 0 0 0 0 0 0 0 0 0 589 590 0 0 0 0 0 0 0 0 0 0 0 0 0 0 0 0 0 0 0 0 0 0 0 0 0 0 0 0 0 0 0 0 0 0 0 0 0 0 0 0 0 0 0 0 0 0 0 0 0 0 0 0 0 0 0 0 0 0 0 0 0 0 1063 1064 787 787 787 787 787 787 589 590 787 787 787 787 787 787 787 787 787 787 787 787 787 3221225726 3221225725 0 0 0 0 0 0 0 611 612 
611 612 0 0 0 0 0 0 0 0 0 0 0 0 0 1277 1278 0 0 0 0 0 0 0 0 0 0 0 0 0 1277 1278 0 0 0 0 0 0 0 0 0 0 0 0 0 0 0 0 0 0 0 0 589 590 0 0 0 0 0 0 0 0 0 0 0 0 0 0 0 0 0 0 0 0 0 0 0 0 0 0 0 0 0 0 0 0 0 0 0 0 0 0 0 0 0 0 0 0 0 0 0 0 0 0 0 0 0 0 0 0 0 0 0 0 0 0 1111 1112 835 835 835 835 835 835 589 590 835 835 835 835 835 835 835 835 835 835 835 835 835 3221225678 3221225677 0 0 0 0 0 0 0 611 612 
611 612 0 0 0 0 0 0 0 0 0 0 0 0 0 1277 1278 0 0 0 0 0 0 0 0 0 0 0 0 0 1277 1278 0 0 0 0 0 0 0 0 0 0 0 0 0 0 0 0 0 0 0 0 589 590 0 0 0 0 0 0 0 0 0 0 0 0 0 0 0 0 0 0 0 0 0 0 0 0 0 0 0 0 0 0 0 0 0 0 0 0 0 0 0 0 0 0 0 0 0 0 0 0 0 0 0 0 0 0 0 0 0 0 0 0 0 0 637 638 0 0 0 0 0 0 0 0 0 0 0 0 0 0 0 0 0 0 0 0 0 637 638 0 0 0 0 0 0 0 611 612 
611 612 0 0 0 0 0 0 0 0 0 0 0 0 0 1277 1278 0 0 0 0 0 0 0 0 0 0 0 0 0 1277 1278 0 0 0 0 0 0 0 0 0 0 0 0 0 0 0 0 0 0 0 0 589 590 0 0 0 0 0 0 0 0 0 0 0 0 0 0 0 0 0 0 0 0 0 0 0 0 0 0 0 0 0 0 0 0 0 0 0 0 0 0 0 0 0 0 0 0 0 0 0 0 0 0 0 0 0 0 0 0 0 0 0 0 0 0 637 638 0 0 0 0 0 0 0 0 0 0 0 0 0 0 0 0 0 0 0 0 0 637 638 0 0 0 0 0 0 0 611 612 
611 612 0 0 0 0 0 0 0 0 0 0 0 0 0 205 206 800 800 800 800 800 800 800 800 800 800 800 800 800 3221226584 3221226583 0 0 0 0 0 0 0 0 0 0 0 0 0 0 0 0 0 0 0 0 589 590 0 0 0 0 0 0 0 0 0 0 0 0 0 0 0 0 0 0 0 0 0 0 0 0 0 0 0 0 0 0 0 0 0 0 0 0 0 0 0 0 0 0 0 0 0 0 0 0 0 0 0 0 0 0 0 0 0 0 0 0 0 0 637 638 0 0 0 0 0 0 0 0 0 0 0 0 0 0 0 0 0 0 0 0 0 637 638 0 0 0 0 0 0 0 611 612 
611 612 0 0 0 0 0 0 0 0 0 0 0 0 0 253 254 848 848 848 848 848 848 848 848 848 848 848 848 848 3221226536 3221226535 0 0 0 0 0 0 0 0 0 0 0 0 0 0 0 0 0 0 0 0 589 590 0 0 0 0 0 0 0 0 0 0 0 0 0 0 0 0 0 0 0 0 0 0 0 0 0 0 0 0 0 0 0 0 0 0 0 0 0 0 0 0 0 0 0 0 0 0 0 0 0 0 0 0 0 0 0 0 0 0 0 0 0 0 637 638 0 0 0 0 0 0 0 0 0 0 0 0 0 0 0 0 0 0 0 0 0 637 638 0 0 0 0 0 0 0 611 612 
611 612 0 0 0 0 0 0 0 0 0 0 0 0 0 1277 1278 0 0 0 0 0 0 0 0 0 0 0 0 0 0 0 0 0 0 0 0 0 0 0 0 0 0 0 0 0 0 0 0 0 0 0 589 590 0 0 0 0 0 0 0 0 0 0 0 0 0 0 0 0 0 0 0 0 0 0 0 0 0 0 0 0 0 0 0 0 0 0 0 0 0 0 0 0 0 0 0 0 0 0 0 0 0 0 0 0 0 0 0 0 0 0 0 0 0 0 637 638 0 0 0 0 0 0 0 0 0 0 0 0 0 0 0 0 0 0 0 0 0 637 638 0 0 0 0 0 0 0 611 612 
611 612 0 0 0 0 0 0 0 0 0 0 0 0 0 1277 1278 0 0 0 0 0 0 0 0 0 0 0 0 0 0 0 0 0 0 0 0 0 0 0 0 0 0 0 0 0 0 0 0 0 0 0 589 590 0 0 0 0 0 0 0 0 0 0 0 0 0 0 0 0 0 0 0 0 0 0 0 0 0 0 0 0 0 0 0 0 0 0 0 0 0 0 0 0 0 0 0 0 0 0 0 0 0 0 0 0 0 0 0 0 0 0 0 0 0 0 637 638 0 0 0 0 0 0 0 0 0 0 0 0 0 0 0 0 0 0 0 0 0 637 638 0 0 0 0 0 0 0 611 612 
611 612 0 0 0 0 0 0 0 0 0 0 0 0 0 1277 1278 0 0 0 0 0 0 0 0 0 0 0 0 0 0 0 0 0 0 0 0 0 0 0 0 0 0 0 0 0 0 0 0 0 0 0 589 590 0 0 0 0 0 0 0 0 0 0 0 0 0 0 0 0 0 0 0 0 0 0 0 0 0 0 0 0 0 0 0 0 0 0 0 0 0 0 0 0 0 0 0 0 0 0 0 0 0 0 0 0 0 0 0 0 0 0 0 0 0 0 637 638 0 0 0 0 0 0 0 0 0 0 0 0 0 0 0 0 0 0 0 0 0 637 638 0 0 0 0 0 0 0 611 612 
611 612 0 0 0 0 0 0 0 0 0 0 0 0 0 1277 1278 0 0 0 0 0 0 0 0 0 0 0 0 0 0 0 0 0 0 0 0 0 0 0 0 0 0 0 0 0 0 0 0 0 0 0 589 590 0 0 0 0 0 0 0 0 0 0 0 0 0 0 0 0 0 0 0 0 0 0 0 0 0 0 0 0 0 0 0 0 0 0 0 0 0 0 0 0 0 0 0 0 0 0 0 0 0 0 0 0 0 0 0 0 0 0 0 0 0 0 637 638 0 0 0 0 0 0 0 0 0 0 0 0 0 0 0 0 0 0 0 0 0 637 638 0 0 0 0 0 0 0 611 612 
611 612 0 0 0 0 0 0 0 0 0 0 0 0 0 1277 1278 0 0 0 0 0 0 0 0 0 0 0 0 0 0 0 0 0 0 0 0 0 0 0 0 0 0 0 0 0 0 0 0 0 1063 1064 1610612942 1610612990 807 807 807 807 807 807 807 807 807 807 807 807 807 807 807 807 807 807 807 807 807 807 807 807 807 807 807 807 807 807 807 807 807 807 807 807 807 807 807 807 807 807 807 807 807 807 807 807 807 807 807 807 807 807 807 807 807 807 807 807 807 807 1610612942 1610612990 807 807 807 807 807 807 807 807 807 807 807 807 807 807 807 807 807 807 807 807 807 1610612942 1610612990 807 807 807 807 807 807 807 611 612 
611 612 0 0 0 0 0 0 0 0 0 0 0 0 0 1277 1278 0 0 0 0 0 0 0 0 0 0 0 0 0 0 0 0 0 0 0 0 0 0 0 0 0 0 0 0 0 0 0 0 0 1111 1112 1610612941 1610612989 855 855 855 855 855 855 855 855 855 855 855 855 855 855 855 855 855 855 855 855 855 855 855 855 855 855 855 855 855 855 855 855 855 855 855 855 855 855 855 855 855 855 855 855 855 855 855 855 855 855 855 855 855 855 855 855 855 855 855 855 855 855 1610612941 1610612989 855 855 855 855 855 855 855 855 855 855 855 855 855 855 855 855 855 855 855 855 855 1610612941 1610612989 855 855 855 855 855 855 855 611 612 
611 612 0 0 0 0 0 0 0 0 0 0 0 0 0 1277 1278 0 0 0 0 0 0 0 0 0 0 0 0 0 0 0 0 0 0 0 0 0 0 0 0 0 0 0 0 0 0 0 0 0 659 660 0 0 0 0 0 0 0 0 0 0 0 0 0 0 0 0 0 0 0 0 0 0 0 0 0 0 0 0 0 0 0 0 0 0 0 0 0 0 0 0 0 0 0 0 0 0 0 0 0 0 0 0 0 0 0 0 0 0 0 0 0 0 0 0 0 0 0 0 0 0 0 0 0 0 0 0 0 0 0 0 0 0 0 0 0 0 0 0 0 0 0 0 0 0 0 0 611 612 
611 612 0 0 0 0 0 0 0 0 0 0 0 0 0 205 206 800 800 800 800 800 800 800 800 800 800 800 800 800 800 800 800 800 800 800 800 800 800 800 800 800 800 800 800 800 800 800 800 800 3221225726 3221225725 0 0 0 0 0 0 0 0 0 0 0 0 0 0 0 0 0 0 0 0 0 0 0 0 0 0 0 0 0 0 0 0 0 0 0 0 0 0 0 0 0 0 0 0 0 0 0 0 0 0 0 0 0 0 0 0 0 0 0 0 0 0 0 0 0 0 0 0 0 0 0 0 0 0 0 0 0 0 0 0 0 0 0 0 0 0 0 0 0 0 0 0 0 0 0 0 611 612 
611 612 0 0 0 0 0 0 0 0 0 0 0 0 0 253 254 848 848 848 848 848 848 848 848 848 848 848 848 848 848 848 848 848 848 848 848 848 848 848 848 848 848 848 848 848 848 848 848 848 3221225678 3221225677 0 0 0 0 0 0 0 0 0 0 0 0 0 0 0 0 0 0 0 0 0 0 0 0 0 0 0 0 0 0 0 0 0 0 0 0 0 0 0 0 0 0 0 0 0 0 0 0 0 0 0 0 0 0 0 0 0 0 0 0 0 0 0 0 0 0 0 0 0 0 0 0 0 0 0 0 0 0 0 0 0 0 0 0 0 0 0 0 0 0 0 0 0 0 0 0 611 612 
611 612 0 0 0 0 0 0 0 0 0 0 0 0 0 1277 1278 0 0 0 0 0 0 0 0 0 0 0 0 0 0 0 0 0 0 0 0 0 0 0 0 0 0 0 0 0 0 0 0 0 659 660 0 0 0 0 0 0 0 0 0 0 0 0 0 0 0 0 0 0 0 0 0 0 0 0 0 0 0 0 0 0 0 0 0 0 0 0 0 0 0 0 0 0 0 0 0 0 0 0 0 0 0 0 0 0 0 0 0 0 0 0 0 0 0 0 0 0 0 0 0 0 0 0 0 0 0 0 0 0 0 0 0 0 0 0 0 0 0 0 0 0 0 0 0 0 0 0 611 612 
611 612 0 0 0 0 0 0 0 0 0 0 0 0 0 1277 1278 0 0 0 0 0 0 0 0 0 0 0 0 0 0 0 0 0 0 0 0 0 0 0 0 0 0 0 0 0 0 0 0 0 659 660 0 0 0 0 0 0 0 0 0 0 0 0 0 0 0 0 0 0 0 0 0 0 0 0 0 0 0 0 0 0 0 0 0 0 0 0 0 0 0 0 0 0 0 0 0 0 0 0 0 0 0 0 0 0 0 0 0 0 0 0 0 0 0 0 0 0 0 0 0 0 0 0 0 0 0 0 0 0 0 0 0 0 0 0 0 0 0 0 0 0 0 0 0 0 0 0 611 612 
611 612 0 0 0 0 0 0 0 0 0 0 0 0 0 1277 1278 0 0 0 0 0 0 0 0 0 0 0 0 0 0 0 0 0 0 0 0 0 0 0 0 0 0 0 0 0 0 0 0 0 659 660 0 0 0 0 0 0 0 0 0 0 0 0 0 0 0 0 0 0 0 0 0 0 0 0 0 0 0 0 0 0 0 0 0 0 0 0 0 0 0 0 0 0 0 0 0 0 0 0 0 0 0 0 0 0 0 0 0 0 0 0 0 0 0 0 0 0 0 0 0 0 0 0 0 0 0 0 0 0 0 0 0 0 0 0 0 0 0 0 0 0 0 0 0 0 0 0 611 612 
611 612 0 0 0 0 0 0 0 0 0 0 0 0 0 1277 1278 0 0 0 0 0 0 0 0 0 0 0 0 0 0 0 0 0 0 0 0 0 0 0 0 0 0 0 0 0 0 0 0 0 659 660 0 0 0 0 0 0 0 0 0 0 0 0 0 0 0 0 0 0 0 0 0 0 0 0 0 0 0 0 0 0 0 0 0 0 0 0 0 0 0 0 0 0 0 0 0 0 0 0 0 0 0 0 0 0 0 0 0 0 0 0 0 0 0 0 0 0 0 0 0 0 0 0 0 0 0 0 0 0 0 0 0 0 0 0 0 0 0 0 0 0 0 0 0 0 0 0 611 612 
611 612 0 0 0 0 0 0 0 0 0 0 0 0 0 205 206 0 0 0 0 0 0 0 0 0 0 0 0 0 0 0 0 0 0 0 0 0 0 0 0 0 0 0 0 0 0 0 0 0 659 660 0 0 0 0 0 0 0 0 0 0 0 0 0 0 0 0 0 0 0 0 0 0 0 0 0 0 0 0 0 0 0 0 0 0 0 0 0 0 0 0 0 0 0 0 0 0 0 0 0 0 0 0 0 0 0 0 0 0 0 0 0 0 0 0 0 0 0 0 0 0 0 0 0 0 0 0 0 0 0 0 0 0 0 0 0 0 0 0 0 0 0 0 0 0 0 0 611 612 
611 612 0 0 0 0 0 0 0 0 0 0 0 0 0 205 206 800 800 800 800 800 800 800 800 800 800 800 800 800 800 800 800 800 800 800 800 800 800 800 800 800 800 800 800 800 800 800 800 800 3221225726 3221225725 0 0 0 0 0 0 0 0 0 0 0 0 0 0 0 0 0 0 0 0 0 0 0 0 0 0 0 0 0 0 0 0 0 0 0 0 0 0 0 0 0 0 0 0 0 0 0 0 0 0 0 0 0 0 0 0 0 0 0 0 0 0 0 0 0 0 0 0 0 0 0 0 0 0 0 0 0 0 0 0 0 0 0 0 0 0 0 0 0 0 0 0 0 0 0 0 611 612 
611 612 0 0 0 0 0 0 0 0 0 0 0 0 0 253 254 848 848 848 848 848 848 848 848 848 848 848 848 848 848 848 848 848 848 848 848 848 848 848 848 848 848 848 848 848 848 848 848 848 3221225678 3221225677 0 0 0 0 0 0 0 0 0 0 0 0 0 0 0 0 0 0 0 0 0 0 0 0 0 0 0 0 0 0 0 0 0 0 0 0 0 0 0 0 0 0 0 0 0 0 0 0 0 0 0 0 0 0 0 0 0 0 0 0 0 0 0 0 0 0 0 0 0 0 0 0 0 0 0 0 0 0 0 0 0 0 0 0 0 0 0 0 0 0 0 0 0 0 0 0 611 612 
611 612 0 0 0 0 0 0 0 0 0 0 0 0 0 1277 1278 0 0 0 0 0 0 0 0 0 0 0 0 0 0 0 0 0 0 0 0 0 0 0 0 0 0 0 0 0 0 0 0 0 659 660 0 0 0 0 0 0 0 0 0 0 0 0 0 0 0 0 0 0 0 0 0 0 0 0 0 0 0 0 0 0 0 0 0 0 0 0 0 0 0 0 0 0 0 0 0 0 0 0 0 0 0 0 0 0 0 0 0 0 0 0 0 0 0 0 0 0 0 0 0 0 0 0 0 0 0 0 0 0 0 0 0 0 0 0 0 0 0 0 0 0 0 0 0 0 0 0 611 612 
611 612 0 0 0 0 0 0 0 0 0 0 0 0 0 1277 1278 0 0 0 0 0 0 0 0 0 0 0 0 0 0 0 0 0 0 0 0 0 0 0 0 0 0 0 0 0 0 0 0 0 659 660 0 0 0 0 0 0 0 0 0 0 0 0 0 0 0 0 0 0 0 0 0 0 0 0 0 0 0 0 0 0 0 0 0 0 0 0 0 0 0 0 0 0 0 0 0 0 0 0 0 0 0 0 0 0 0 0 0 0 0 0 0 0 0 0 0 0 0 0 0 0 0 0 0 0 0 0 0 0 0 0 0 0 0 0 0 0 0 0 0 0 0 0 0 0 0 0 611 612 
611 612 0 0 0 0 0 0 0 0 0 0 0 0 0 1277 1278 0 0 0 0 0 0 0 0 0 0 0 0 0 0 0 0 0 0 0 0 0 0 0 0 0 0 0 0 0 0 0 0 0 659 660 0 0 0 0 0 0 0 0 0 0 0 0 0 0 0 0 0 0 0 0 0 0 0 0 0 0 0 0 0 0 0 0 0 0 0 0 0 0 0 0 0 0 0 0 0 0 0 0 0 0 0 0 0 0 0 0 0 0 0 0 0 0 0 0 0 0 0 0 0 0 0 0 0 0 0 0 0 0 0 0 0 0 0 0 0 0 0 0 0 0 0 0 0 0 0 0 611 612 
611 612 0 0 0 0 0 0 0 0 0 0 0 0 0 1277 1278 0 0 0 0 0 0 0 0 0 0 0 0 0 0 0 0 0 0 0 0 0 0 0 0 0 0 0 0 0 0 0 0 0 659 660 0 0 0 0 0 0 0 0 0 0 0 0 0 0 0 0 0 0 0 0 0 0 0 0 0 0 0 0 0 0 0 0 0 0 0 0 0 0 0 0 0 0 0 0 0 0 0 0 0 0 0 0 0 0 0 0 0 0 0 0 0 0 0 0 0 0 0 0 0 0 0 0 0 0 0 0 0 0 0 0 0 0 0 0 0 0 0 0 0 0 0 0 0 0 0 0 611 612 
611 612 0 0 0 0 0 0 0 0 0 0 0 0 0 1277 1278 0 0 0 0 0 0 0 0 0 0 0 0 0 0 0 0 0 0 0 0 0 0 0 0 0 0 0 0 0 0 0 0 0 659 660 0 0 0 0 0 0 0 0 0 0 0 0 0 0 0 0 0 0 0 0 0 0 0 0 0 0 0 0 0 0 0 0 0 0 0 0 0 0 0 0 0 0 0 0 0 0 0 0 0 0 0 0 0 0 0 0 0 0 0 0 0 0 0 0 0 0 0 0 0 0 0 0 0 0 0 0 0 0 0 0 0 0 0 0 0 0 0 0 0 0 0 0 0 0 0 0 611 612 
611 612 0 0 0 0 0 0 0 0 0 0 0 0 0 1277 1278 0 0 0 0 0 0 0 0 0 0 0 0 0 0 0 0 0 0 0 0 0 0 0 0 0 0 0 0 0 0 0 0 0 659 660 0 0 0 0 0 0 0 0 0 0 0 0 0 0 0 0 0 0 0 0 0 0 0 0 0 0 0 0 0 0 0 0 0 0 0 0 0 0 0 0 0 0 0 0 0 0 0 0 0 0 0 0 0 0 0 0 0 0 0 0 0 0 0 0 0 0 0 0 0 0 0 0 0 0 0 0 0 0 0 0 0 0 0 0 0 0 0 0 0 0 0 0 0 0 0 0 611 612 
611 612 0 0 0 0 0 0 0 0 0 0 0 0 0 1277 1278 0 0 0 0 0 0 0 0 0 0 0 0 0 0 0 0 0 0 0 0 0 0 0 0 0 0 0 0 0 0 0 0 0 659 660 0 0 0 0 0 0 0 0 0 0 0 0 0 0 0 0 0 0 0 0 0 0 0 0 0 0 0 0 0 0 0 0 0 0 0 0 0 0 0 0 0 0 0 0 0 0 0 0 0 0 0 0 0 0 0 0 0 0 0 0 0 0 0 0 0 0 0 0 0 0 0 0 0 0 0 0 0 0 0 0 0 0 0 0 0 0 0 0 0 0 0 0 0 0 0 0 611 612 
611 612 0 0 0 0 0 0 0 0 0 0 0 0 0 1277 1278 0 0 0 0 0 0 0 0 0 0 0 0 0 0 0 0 0 0 0 0 0 0 0 0 0 0 0 0 0 0 0 0 0 659 660 0 0 0 0 0 0 0 0 0 0 0 0 0 0 0 0 0 0 0 0 0 0 0 0 0 0 0 0 0 0 0 0 0 0 0 0 0 0 0 0 0 0 0 0 0 0 0 0 0 0 0 0 0 0 0 0 0 0 0 0 0 0 0 0 0 0 0 0 0 0 0 0 0 0 0 0 0 0 0 0 0 0 0 0 0 0 0 0 0 0 0 0 0 0 0 0 611 612 
611 612 0 0 0 0 0 0 0 0 0 0 0 0 0 1277 1278 0 0 0 0 0 0 0 0 0 0 0 0 0 0 0 0 0 0 0 0 0 0 0 0 0 0 0 0 0 0 0 0 0 659 660 0 0 0 0 0 0 0 0 0 0 0 0 0 0 0 0 0 0 0 0 0 0 0 0 0 0 0 0 0 0 0 0 0 0 0 0 0 0 0 0 0 0 0 0 0 0 0 0 0 0 0 0 0 0 0 0 0 0 0 0 0 0 0 0 0 0 0 0 0 0 0 0 0 0 0 0 0 0 0 0 0 0 0 0 0 0 0 0 0 0 0 0 0 0 0 0 611 612 
611 612 0 0 0 0 0 0 0 0 0 0 0 0 0 1277 1278 0 0 0 0 0 0 0 0 0 0 0 0 0 0 0 0 0 0 0 0 0 0 0 0 0 0 0 0 0 0 0 0 0 659 660 0 0 0 0 0 0 0 0 0 0 0 0 0 0 0 0 0 0 0 0 0 0 0 0 0 0 0 0 0 0 0 0 0 0 0 0 0 0 0 0 0 0 0 0 0 0 0 0 0 0 0 0 0 0 0 0 0 0 0 0 0 0 0 0 0 0 0 0 0 0 0 0 0 0 0 0 0 0 0 0 0 0 0 0 0 0 0 0 0 0 0 0 0 0 0 0 611 612 
611 612 0 0 0 0 0 0 0 0 0 0 0 0 0 1277 1278 0 0 0 0 0 0 0 0 0 0 0 0 0 0 0 0 0 0 0 0 0 0 0 0 0 0 0 0 0 0 0 0 0 659 660 0 0 0 0 0 0 0 0 0 0 0 0 0 0 0 0 0 0 0 0 0 0 0 0 0 0 0 0 0 0 0 0 0 0 0 0 0 0 0 0 0 0 0 0 0 0 0 0 0 0 0 0 0 0 0 0 0 0 0 0 0 0 0 0 0 0 0 0 0 0 0 0 0 0 0 0 0 0 0 0 0 0 0 0 0 0 0 0 0 0 0 0 0 0 0 0 611 612 
611 612 0 0 0 0 0 0 0 0 0 0 0 0 0 1277 1278 0 0 0 0 0 0 0 0 0 0 0 0 0 0 0 0 0 0 0 0 0 0 0 0 0 0 0 0 0 0 0 0 0 659 660 0 0 0 0 0 0 0 0 0 0 0 0 0 0 0 0 0 0 0 0 0 0 0 0 0 0 0 0 0 0 0 0 0 0 0 0 0 0 0 0 0 0 0 0 0 0 0 0 0 0 0 0 0 0 0 0 0 0 0 0 0 0 0 0 0 0 0 0 0 0 0 0 0 0 0 0 0 0 0 0 0 0 0 0 0 0 0 0 0 0 0 0 0 0 0 0 611 612 
611 612 0 0 0 0 0 0 0 0 0 0 0 0 0 1277 1278 0 0 0 0 0 0 0 0 0 0 0 0 0 0 0 0 0 0 0 0 0 0 0 0 0 0 0 0 0 0 0 0 0 659 660 0 0 0 0 0 0 0 0 0 0 0 0 0 0 0 0 0 0 0 0 0 0 0 0 0 0 0 0 0 0 0 0 0 0 0 0 0 0 0 0 0 0 0 0 0 0 0 0 0 0 0 0 0 0 0 0 0 0 0 0 0 0 0 0 0 0 0 0 0 0 0 0 0 0 0 0 0 0 0 0 0 0 0 0 0 0 0 0 0 0 0 0 0 0 0 0 611 612 
611 800 800 800 800 800 800 800 800 800 800 800 800 800 800 1610612942 1610612990 800 800 800 800 800 800 800 800 800 800 800 800 800 800 800 800 800 800 800 800 800 800 800 800 800 800 800 800 800 800 800 800 800 1159 1160 0 0 0 0 0 0 0 0 0 0 0 0 0 0 0 0 0 0 0 0 0 0 0 0 0 0 0 0 0 0 0 0 0 0 0 0 0 0 0 0 0 0 0 0 0 0 0 0 0 0 0 0 0 0 0 0 0 0 0 0 0 0 0 0 0 0 0 0 0 0 0 0 0 0 0 0 0 0 0 0 0 0 0 0 0 0 0 0 0 0 0 0 0 0 0 0 611 612 
611 848 848 848 848 848 848 848 848 848 848 848 848 848 848 1610612941 1610612989 848 848 848 848 848 848 848 848 848 848 848 848 848 848 848 848 848 848 848 848 848 848 848 848 848 848 848 848 848 848 848 848 848 1207 1208 0 0 0 0 0 0 0 0 0 0 0 0 0 0 0 0 0 0 0 0 0 0 0 0 0 0 0 0 0 0 0 0 0 0 0 0 0 0 0 0 0 0 0 0 0 0 0 0 0 0 0 0 0 0 0 0 0 0 0 0 0 0 0 0 0 0 0 0 0 0 0 0 0 0 0 0 0 0 0 0 0 0 0 0 0 0 0 0 0 0 0 0 0 0 0 0 611 612